num_nodes is set 7
channel.cc:sendUp - Calc highestAntennaZ_ and distCST_
highestAntennaZ_ = 1.5,  distCST_ = 550.0
forward_eval[0][4]: 1.000000
backward_eval[0][4]: 1.000000
eval_value[0][4]: 1.234571
forward_eval[1][4]: 0.000000
backward_eval[1][4]: 0.000000
eval_value[1][4]: 0.000000
forward_eval[4][1]: 0.000000
backward_eval[4][1]: 0.000000
eval_value[4][1]: 0.000000
forward_eval[2][1]: 0.000000
backward_eval[2][1]: 0.000000
eval_value[2][1]: 0.000000
forward_eval[0][1]: 1.000000
backward_eval[0][1]: 1.000000
eval_value[0][1]: 0.831745
forward_eval[5][2]: 0.000000
backward_eval[5][2]: 0.000000
eval_value[5][2]: 0.000000
forward_eval[6][2]: 0.000000
backward_eval[6][2]: 0.000000
eval_value[6][2]: 0.000000
forward_eval[1][2]: 1.000000
backward_eval[1][2]: 1.000000
eval_value[1][2]: 1.868425
forward_eval[3][2]: 0.000000
backward_eval[3][2]: 0.000000
eval_value[3][2]: 0.000000
forward_eval[2][5]: 1.000000
backward_eval[2][5]: 1.000000
eval_value[2][5]: 0.748571
forward_eval[3][5]: 0.000000
backward_eval[3][5]: 0.000000
eval_value[3][5]: 0.000000
forward_eval[6][5]: 0.000000
backward_eval[6][5]: 0.000000
eval_value[6][5]: 0.000000
forward_eval[3][6]: 0.000000
backward_eval[3][6]: 0.000000
eval_value[3][6]: 0.000000
forward_eval[2][6]: 1.000000
backward_eval[2][6]: 1.000000
eval_value[2][6]: 0.238599
forward_eval[5][6]: 0.000000
backward_eval[5][6]: 0.000000
eval_value[5][6]: 0.000000
